0 -36.72517605630349
-1 -70.18279680170762
-2 -4.700123311444271
-3 -89.27895863328482
-4 -97.76656414809436
-5 -1.4973160062186963
-6 -14.751384731082439
-7 -16.674707523755405
-8 -73.3679885698987
-9 -44.34524762372851
-10 -18.704880912169443
-11 -76.61382633262778
-12 -12.710482596565898
-13 -91.51025700729724
-14 -75.17732119940736
-15 -83.9346130062255
-16 -28.602925258566735
-17 -75.4041123092404
-18 -42.32274083261689
-19 -1.649510790517239
-20 -17.173206632832827
-21 -57.157421788330886
-22 -34.443774565435916
-23 -68.397265807103
-24 -43.93270917331024
-25 -20.336955205999953
-26 -87.03466716837559
-27 -98.1969556581367
-28 -45.56733156369409
-29 -69.53733113807561
-30 -51.65184313628166
-31 -10.756282939002082
-32 -59.719141842240106
-33 -80.51544054491214
-34 -65.78590756348768
-35 -81.82975173801998
-36 -70.57489776590464
-37 -26.992865567333958
-38 -95.90089859809726
-39 -7.276081027664816
-40 -59.00472359873914
-41 -44.2362282816303
-42 -56.96874969076465
-43 -17.370722337715307
-44 -95.09740349479053
-45 -88.51086384186372
-46 -0.6037115557569805
-47 -21.37535038850479
-48 -65.91202439710887
-49 -99.18294998217037
-50 -36.61114619411706
-51 -62.42061870375252
-52 -9.214332406118675
-53 -54.558979421218424
-54 -90.23565486757023
-55 -53.966629219922424
-56 -37.36419768387127
-57 -95.58626552888279
-58 -10.421235519592653
-59 -90.74863582272877
-60 -86.74368095160307
-61 -87.95151107440576
-62 -52.21797119607597
-63 -83.99741750598709
-64 -7.823054283410524
-65 -30.493945988723436
-66 -56.7997261169406
-67 -48.158924776136246
-68 -63.822486103747856
-69 -0.5943964266398982
-70 -87.87390644734924
-71 -65.8213892722604
-72 -58.81577304029532
-73 -74.68255530438412
-74 -95.63115128509023
-75 -12.405168204624417
-76 -10.965671235696428
-77 -39.78446628054259
-78 -49.228683326446756
-79 -34.91925565066592
-80 -58.82256509861141
-81 -94.30544716372961
-82 -55.54723005954052
-83 -30.026684864218957
-84 -59.71523424217866
-85 -58.48204079699069
-86 -90.20088039096589
-87 -30.14307546718952
-88 -69.76248739269705
-89 -22.60562448097102
-90 -91.57618766265263
-91 -33.02620613696795
-92 -79.67013506523915
-93 -86.5486613737351
-94 -88.00387868011
-95 -45.88089195823001
-96 -8.023351534787416
-97 -68.19710292142724
-98 -66.40099417140213
-99 -9.766382238308346
