0.0 -84.87120019734539
-1.0 -75.13809699592113
-2.0 -21.434445626790342
-3.0 -97.46137427587142
-4.0 -106.84614144494898
-5.0 -18.059782026772194
-6.0 -49.50566727989985
-7.0 -44.44993740891228
-8.0 -89.44109607371146
-9.0 -66.15669977802213
-10.0 -19.626051252486516
-11.0 -106.55151039735085
-12.0 -45.65690441717957
-13.0 -101.87715561591494
-14.0 -109.47300784432197
-15.0 -128.65728547008968
-16.0 -69.52363559847653
-17.0 -90.73927419735973
-18.0 -45.77461685144743
-19.0 -25.56912692531403
-20.0 -22.69397883534237
-21.0 -81.62946195613866
-22.0 -77.29314146612458
-23.0 -92.53784448218907
-24.0 -52.906706607034046
-25.0 -52.112139205571694
-26.0 -115.8445355315402
-27.0 -116.23900732089604
-28.0 -48.34384332946651
-29.0 -96.79270850076671
-30.0 -90.6125654991349
-31.0 -31.697520413250658
-32.0 -109.0807999178749
-33.0 -122.83826319062786
-34.0 -72.29727995534616
-35.0 -91.33268894760015
-36.0 -117.11399180360806
-37.0 -62.441571949620524
-38.0 -110.76047055962864
-39.0 -36.47532187495143
-40.0 -73.89405810371184
-41.0 -83.16921689045172
-42.0 -101.33840164808015
-43.0 -30.45058382508484
-44.0 -100.49937924405194
-45.0 -136.7975863593071
-46.0 -47.48864204162961
-47.0 -46.33721551946503
-48.0 -102.22998126179638
-49.0 -136.97008483700205
-50.0 -54.878079399484136
-51.0 -105.52349809889252
-52.0 -43.25743302274712
-53.0 -77.7300506344292
-54.0 -122.16936532414401
-55.0 -87.136234568632
-56.0 -82.0730543134659
-57.0 -112.05665449818726
-58.0 -56.72737498616158
-59.0 -114.68836288682479
-60.0 -89.65984046364579
-61.0 -133.11796857434658
-62.0 -100.99242619803908
-63.0 -109.95467007514956
-64.0 -48.16908374083377
-65.0 -43.15655672763124
-66.0 -72.05548953576063
-67.0 -90.13012491569751
-68.0 -67.26844213440157
-69.0 -7.576161106545165
-70.0 -92.90336432051322
-71.0 -75.2033126407024
-72.0 -88.0385888012804
-73.0 -111.69762236857457
-74.0 -113.62761095737561
-75.0 -38.648637785445594
-76.0 -40.73247784379231
-77.0 -76.18156879382698
-78.0 -60.6651369551034
-79.0 -52.2931945175601
-80.0 -68.42298118922898
-81.0 -117.44182127660241
-82.0 -68.6018773928412
-83.0 -41.04232814642181
-84.0 -101.49114803082321
-85.0 -78.74177618188767
-86.0 -128.3424921871212
-87.0 -62.27905334283728
-88.0 -110.7500947228778
-89.0 -30.41335524807342
-90.0 -139.8418130714134
-91.0 -34.114360839692516
-92.0 -84.250827130969
-93.0 -99.15204474081465
-94.0 -90.76878728835705
-95.0 -89.840781366333
-96.0 -53.80570051629075
-97.0 -109.54453924594006
-98.0 -90.19815867361427
-99.0 -22.302211474718252
